SSID,MAC,X,Y,Z,Covariance
CARE-TB-15106e798aa44361,e4:b3:18:e8:78:3a,-8.140089992585303,-13.821386186726295,0.7309362085228764,"[5.891768872403918, 1.863892265345876, -0.20419233202554513, 1.863892265345876, 11.748275353171062, 0.09003777619385972, -0.20419233202554515, 0.09003777619385976, 0.009799831872495257]"
CARE-TB-2dbc348a4f7c4b7b,f4:b3:1:6d:d1:a7,-6.518429152375279,-14.543909439111378,0.6535800159568007,"[7.000720800446364, -1.7023443451623252, -0.2715946658155452, -1.7023443451623252, 17.84417194251382, 0.32823319370363074, -0.27159466581554514, 0.3282331937036308, 0.015226588925087334]"
CARE-TB-51b6269178ed47c1,a4:34:d9:9f:f0:29,-6.728409373264747,-14.319507294525204,0.661055273953409,"[8.68739476460379, -0.057685264236800544, -0.3048220027044001, -0.05768526423680061, 17.027218245040654, 0.2454474582952052, -0.3048220027044002, 0.24544745829520526, 0.014922528076178653]"
DIRECT-273CE938,fa:d0:27:3c:69:38,-7.895723091652296,-13.080117107667702,0.7223299976296392,"[6.352012128063285, 4.549088273300187, -0.17074779466427692, 4.549088273300188, 15.002800712741475, 0.08952235201516048, -0.1707477946642769, 0.08952235201516048, 0.008971898118231111]"
DIRECT-f4-HP M209 LaserJet,5e:fb:3a:a9:33:f4,-5.672904224077504,-16.506433741050383,0.6066108508132695,"[7.140591095781094, -3.730767042466424, -0.3068004160809185, -3.730767042466424, 7.550747406945915, 0.24316838756902748, -0.3068004160809185, 0.24316838756902748, 0.015069245504645775]"
FASTWEB-1-271185,e0:b9:e5:27:11:85,-1.310219278953716,-1.2895588779058462,0.6159351477247154,"[2.2824171219553726, 2.244817164598436, -0.09547965737188355, 2.244817164598436, 2.312600052591255, -0.09783524845363724, -0.09547965737188355, -0.09783524845363724, 0.004141485120803863]"
HANDHY,4e:3a:ff:83:95:3e,-0.15356775374959822,-6.664592676977445,0.5137564894097125,"[14.724759315702007, 13.275074406249027, -0.380795245926451, 13.275074406249027, 28.01171640920005, -0.16362301575031124, -0.3807952459264509, -0.1636230157503112, 0.01573976393527971]"
HANDHY,4e:3b:ff:83:95:3f,-2.6424057021628133,-10.103350733089123,0.5701174951129369,"[22.031594414223253, 22.50920490824255, -0.5874129370165436, 22.50920490824255, 40.737864366401624, -0.38581919470684095, -0.5874129370165436, -0.3858191947068409, 0.01906153450772344]"
HANDHY,4e:46:ff:83:95:4a,-5.7665706104105885,-16.70936486009945,0.6089408757261062,"[8.762198874913013, -3.2881534962168564, -0.3760173685573304, -3.2881534962168564, 6.571078972064629, 0.2212073225166674, -0.3760173685573304, 0.2212073225166674, 0.01780408329912463]"
HANDHY,4e:47:ff:83:95:4b,-4.4504277091501745,-17.400030483817893,0.5505257249651544,"[3.5467081344937728, -0.8585370399120714, -0.1340424617101326, -0.8585370399120714, 4.553494192770683, 0.09415303417358689, -0.1340424617101326, 0.09415303417358692, 0.0066582318263088336]"
HANDHY,4e:65:ff:83:94:69,-3.7771286469164123,-5.479291490731879,0.6883797137238287,"[5.16565730607873, 4.090788402060081, -0.15105896291969628, 4.090788402060081, 6.114146831415244, -0.07827295521431255, -0.15105896291969628, -0.07827295521431255, 0.00558880109790697]"
HANDHY,4e:66:ff:83:94:6a,-2.7993471052346806,-3.8179319413722532,0.6762386999042096,"[5.153895531956984, -1.8314284538437449, -0.20565641409525084, -1.8314284538437449, 1.2818043989426395, 0.08423883435893234, -0.20565641409525084, 0.08423883435893234, 0.00851632364905278]"
HANDHY,4e:67:ff:8e:2b:6b,0.303980748045875,-4.35233727606795,0.5403868004874641,"[5.703734924027796, -0.7983629318148594, -0.24274897610203194, -0.7983629318148594, 1.5260315281278116, 0.037766852849147055, -0.24274897610203194, 0.037766852849147055, 0.012144960132210381]"
HANDHY,4e:68:ff:8e:2b:6c,0.943456578492722,-4.793049341432771,0.47854433867154167,"[10.036236384623733, 2.4647428505894933, -0.3858799352105982, 2.4647428505894933, 3.703247516866919, -0.13679803356573056, -0.3858799352105983, -0.1367980335657306, 0.022424092408304806]"
HANDHY,4e:c1:ff:8e:2b:c5,-7.662045425742423,-16.023947605446708,0.694678416537201,"[10.708215165912787, -5.101093353437302, -0.47286465597531896, -5.101093353437302, 2.6180076446453273, 0.22743787290226228, -0.4728646559753189, 0.22743787290226225, 0.021146118244502583]"
HANDHY,4e:c2:ff:8e:2b:c6,-6.514011105834311,-16.226157979939412,0.6344081655340783,"[6.912474244022452, -4.821137423665922, -0.31260973024858363, -4.821137423665921, 4.726244606578712, 0.2371854953244444, -0.3126097302485837, 0.23718549532444444, 0.014876852601410686]"
HANDHY,4e:eb:ff:8e:2b:ef,-7.9552862097866255,-14.33967919951033,0.7059566452616376,"[5.025735739540347, 2.1943852653541347, -0.16479497402083199, 2.1943852653541347, 11.121812109622699, 0.0887865529618963, -0.16479497402083199, 0.0887865529618963, 0.008281531393798907]"
HANDHY,4e:ec:ff:8e:2b:e0,-6.8417584705432795,-13.294543835013354,0.6810064909309439,"[11.434166610410676, 5.811269591647281, -0.3218558433239598, 5.81126959164728, 16.760710476910337, -0.0015540748671784993, -0.3218558433239598, -0.001554074867178539, 0.011386059383510599]"
HIPERT,4e:3a:ff:83:95:3b,-0.055792483916169124,-6.737514257891649,0.5172796830608524,"[11.7746126002683, 12.662746127266729, -0.2786983654014669, 12.662746127266729, 30.402831046623493, -0.09181900710803456, -0.2786983654014669, -0.09181900710803456, 0.011469988555201455]"
HIPERT,4e:3b:ff:83:95:3c,-2.6375905702688343,-10.647667205037582,0.5628799909859092,"[16.11254340490768, 18.97264688193628, -0.3916900517283464, 18.97264688193628, 44.20914443221971, -0.2069221472936368, -0.3916900517283464, -0.20692214729363678, 0.013566195842621833]"
HIPERT,4e:46:ff:83:95:47,-5.310439414977464,-15.846637656705184,0.5997018396128594,"[5.0020276421263485, -3.6727153271351756, -0.20576884758983294, -3.6727153271351756, 13.638334414528646, 0.33443388892182624, -0.205768847589833, 0.33443388892182624, 0.012149504947273298]"
HIPERT,4e:47:ff:83:95:48,-4.434464842816872,-17.408969737503483,0.549988380259539,"[3.489802908145602, -0.7895844797885436, -0.1312220137269887, -0.7895844797885437, 4.568201662832405, 0.0923889603369526, -0.1312220137269887, 0.0923889603369526, 0.006534958051376841]"
HIPERT,4e:65:ff:83:94:66,-3.4839526212362006,-4.823716363840182,0.6851488382526352,"[5.026645149406165, 3.6739395652275997, -0.1531418756881828, 3.6739395652275992, 6.133105218144226, -0.07084288454625366, -0.15314187568818288, -0.07084288454625363, 0.006475993289135953]"
HIPERT,4e:66:ff:83:94:67,-2.950477403669466,-3.771803710364675,0.6825021876212892,"[4.711336798242196, -1.709990544963631, -0.18689549195078675, -1.709990544963631, 1.2829028533455191, 0.07964609144159805, -0.18689549195078678, 0.07964609144159805, 0.007738423085730837]"
HIPERT,4e:67:ff:8e:2b:68,1.1220542333745862,-4.600313902769084,0.49720326755768224,"[5.402935387140348, -0.4624475816729045, -0.20892633344483352, -0.4624475816729045, 2.808753656386591, -0.0018549983914879476, -0.20892633344483344, -0.0018549983914879493, 0.013460298094566083]"
HIPERT,4e:68:ff:8e:2b:69,1.5982265073568287,-4.609058293892427,0.4569009082106427,"[6.2413746394332446, 0.34788288220334085, -0.2513434981610129, 0.34788288220334085, 2.0847745734164262, -0.06006899365302316, -0.2513434981610129, -0.06006899365302317, 0.017154421612303176]"
HIPERT,4e:c1:ff:8e:2b:c2,-6.833983661021869,-16.023522816767887,0.6674542395407445,"[10.417346438384147, -4.045830128155849, -0.42949975526787243, -4.045830128155849, 5.253484923486233, 0.20458454560208614, -0.42949975526787243, 0.20458454560208614, 0.01823531511631022]"
HIPERT,4e:c2:ff:8e:2b:c3,-6.189303200444424,-15.767442633371996,0.6305525845318318,"[7.260772114993475, -3.370864127481143, -0.3075180050478719, -3.3708641274811435, 10.325025911414105, 0.25371421349270984, -0.3075180050478719, 0.25371421349270984, 0.014836010080881753]"
HIPERT,4e:eb:ff:8e:2b:ec,-7.929099255383605,-13.45669479822971,0.7106240643251587,"[6.904491236339708, 3.7306162795223323, -0.18657443091944814, 3.7306162795223323, 14.055957405758283, 0.08914784789897554, -0.18657443091944814, 0.08914784789897552, 0.009017808593920403]"
HIPERT,4e:ec:ff:8e:2b:ed,-7.118416066674519,-13.730908287416222,0.6909667448670955,"[9.509799029935051, 3.549607448124931, -0.2759366003604462, 3.549607448124931, 14.675335116502232, 0.08522022873012358, -0.27593660036044615, 0.08522022873012361, 0.011430451395927068]"
IDEATIVA,4e:3a:ff:83:95:30,-0.3566626326620446,-6.1973136134207385,0.5392077790355694,"[18.302755119972634, 10.564074394861619, -0.5690415402479002, 10.564074394861617, 24.344192113931772, -0.08965535423843353, -0.5690415402479001, -0.08965535423843356, 0.022907163439586556]"
IDEATIVA,4e:3b:ff:83:95:31,-2.6350013522889197,-9.985469190735028,0.5718308266911456,"[22.095391686645225, 22.545193957419464, -0.5899029870904247, 22.545193957419464, 40.593727341726435, -0.39286729806092496, -0.5899029870904247, -0.3928672980609251, 0.01889684176562494]"
IDEATIVA,4e:46:ff:83:95:4c,-4.717912029531079,-16.571562447332038,0.5661018891752392,"[5.148316283677212, -1.4471661969222416, -0.1926521225676239, -1.4471661969222418, 12.287294319813912, 0.20121685421412283, -0.19265212256762393, 0.20121685421412283, 0.00951267827874112]"
IDEATIVA,4e:47:ff:83:95:4d,-4.5572912041860025,-17.332866600061124,0.5541323874656068,"[3.309874358245098, -0.4352199683917089, -0.11694813509136599, -0.4352199683917089, 4.210438370031923, 0.0707185660374501, -0.11694813509136598, 0.07071856603745011, 0.005489162904322319]"
IDEATIVA,4e:65:ff:83:94:6b,-3.2840815504848972,-4.939294536907451,0.6792159870717523,"[5.328780922127035, 4.309501172864618, -0.15908315030153528, 4.309501172864618, 7.183103810163386, -0.08105680122303159, -0.15908315030153528, -0.08105680122303159, 0.005955721722270667]"
IDEATIVA,4e:66:ff:83:94:6c,-0.9090615727294666,-4.143298413724655,0.5841500407626197,"[9.523910217372732, -2.0541991030991356, -0.4287298808919639, -2.0541991030991356, 0.8355202913514498, 0.09686738880143854, -0.4287298808919639, 0.09686738880143855, 0.01976037552047747]"
IDEATIVA,4e:67:ff:8e:2b:6d,1.41748972973225,-4.422112540019792,0.47252276718479985,"[5.356225545985746, -0.504825684700016, -0.24541426553186865, -0.504825684700016, 2.6309813150999948, 0.024316341826772638, -0.24541426553186865, 0.024316341826772628, 0.014746615776790623]"
IDEATIVA,4e:68:ff:8e:2b:6e,1.0664165996998767,-4.673051134577908,0.47143183853264603,"[8.087630092839055, 1.534772760323814, -0.29225553398570736, 1.5347727603238137, 3.400308958937334, -0.11773136632817556, -0.29225553398570736, -0.11773136632817556, 0.020238713461392485]"
IDEATIVA,4e:c1:ff:8e:2b:c7,-5.790785675759645,-16.888191179729898,0.6046776369246939,"[7.794228574623294, -4.034685045793194, -0.35220542867360644, -4.034685045793193, 4.658793882641135, 0.21944908350808756, -0.35220542867360644, 0.21944908350808753, 0.016942005523115325]"
IDEATIVA,4e:c2:ff:8e:2b:c8,-6.59125553617835,-16.512350277787082,0.6365117434321599,"[8.285589617035628, -4.807344501733333, -0.37291406292047735, -4.807344501733333, 3.139479044724448, 0.21984522792292566, -0.3729140629204773, 0.21984522792292568, 0.01736807854943218]"
IDEATIVA,4e:eb:ff:8e:2b:e1,-7.329834135045805,-13.282304724271583,0.6924785412985431,"[11.212541955012549, 7.769610421927174, -0.30858598572268353, 7.769610421927174, 16.59003971814429, -0.05270597868224692, -0.3085859857226833, -0.05270597868224694, 0.01166705274425642]"
IDEATIVA,4e:ec:ff:8e:2b:e2,-5.644907948363909,-11.878459462955417,0.6553843634611978,"[11.304908421859997, 10.7607274096824, -0.2718581323559513, 10.7607274096824, 36.93504009071766, 0.043199598779024406, -0.27185813235595135, 0.04319959877902438, 0.010189975825632178]"
Interdamo,d8:ec:e5:78:81:ed,-5.127076618541455,-9.803506307858527,0.656407830926751,"[8.759977947886918, 15.105962065459229, -0.05606597908076491, 15.105962065459229, 40.78123093473383, 0.1351694255935487, -0.05606597908076491, 0.1351694255935487, 0.004007678332906642]"
Interdamo,d8:ec:e5:78:81:ee,-4.731862352347632,-4.190330545523367,0.7378852826698813,"[0.2826638542274361, 1.0348496215965717, 0.002544564905713615, 1.0348496215965717, 4.158755714862639, 0.019300153063771957, 0.0025445649057136152, 0.019300153063771957, 0.00029225246158052446]"
L'inox,c4:6e:1f:e0:55:65,-9.810570484472217,-14.951369360387947,0.7634873077636019,"[7.63783342747446e-05, -0.0003823486233820233, 6.704466426356328e-05, -0.0003823486233820233, 0.061048235687813056, -0.01177047192122913, 6.70446642635633e-05, -0.011770471921229134, 0.002270020868118254]"
Mi 11 Lite 5G,fa:e8:c2:1:12:30,-5.637437368563812,-7.603810397910157,0.724151925402683,"[6.90454464484003, 8.0227435558023, -0.14891989814735335, 8.0227435558023, 12.334713023696938, -0.12971766708653526, -0.14891989814735332, -0.12971766708653523, 0.007534721278632267]"
OPEN ENERGY,4e:3a:ff:83:95:3f,-0.8729985765814823,-6.029553727084318,0.5621536643136871,"[10.850014666262053, 6.267994392106761, -0.3538038846303175, 6.267994392106761, 23.326302013969734, 0.08670340719396077, -0.3538038846303175, 0.08670340719396075, 0.016335604233528943]"
OPEN ENERGY,4e:3b:ff:83:95:30,-3.1912005949417934,-10.889734049923621,0.5818916885615566,"[21.542157154224604, 21.703880539978922, -0.5684493027107935, 21.703880539978922, 40.760232952005374, -0.3500922854836438, -0.5684493027107935, -0.3500922854836438, 0.018386778910987108]"
OPEN ENERGY,4e:46:ff:83:95:4b,-5.380237153671894,-16.310791457676935,0.591804329712938,"[6.103554619382038, -4.079071978872716, -0.26112137009868297, -4.079071978872716, 10.403984861447215, 0.2835615677773205, -0.2611213700986829, 0.28356156777732056, 0.013315040384000314]"
OPEN ENERGY,4e:47:ff:83:95:4c,-4.368842529699908,-17.44618661697568,0.5479526507322428,"[3.3880109077369993, -0.624694332504512, -0.1264613001751653, -0.6246943325045119, 4.209143866176676, 0.08082795826498985, -0.1264613001751653, 0.08082795826498984, 0.006212695812687781]"
OPEN ENERGY,4e:65:ff:83:94:6a,-3.5461518047755796,-5.1423492058956315,0.683284424074668,"[4.68088263138279, 3.9782749675001785, -0.13578259598718764, 3.9782749675001785, 5.968923791528233, -0.08196614761483083, -0.13578259598718762, -0.08196614761483083, 0.005392973164484936]"
OPEN ENERGY,4e:66:ff:83:94:6b,-2.950477403669466,-3.771803710364675,0.6825021876212892,"[4.711336798242196, -1.709990544963631, -0.18689549195078675, -1.709990544963631, 1.2829028533455191, 0.07964609144159805, -0.18689549195078678, 0.07964609144159805, 0.007738423085730837]"
OPEN ENERGY,4e:67:ff:8e:2b:6c,1.5028526149849826,-4.724070198405571,0.47540767559690594,"[3.5667628816356127, 0.16673667005614698, -0.13493894779936147, 0.166736670056147, 1.9235944456711167, -0.04883159274261348, -0.13493894779936155, -0.04883159274261348, 0.011780508245806691]"
OPEN ENERGY,4e:68:ff:8e:2b:6d,1.1605141303752247,-4.656072747006648,0.473873082190348,"[7.71723899453708, 1.3509359316535077, -0.28677987796042403, 1.3509359316535074, 3.2531630802008915, -0.07940472852387835, -0.286779877960424, -0.07940472852387838, 0.017375349289577742]"
OPEN ENERGY,4e:c1:ff:8e:2b:c6,-7.638274528715655,-16.04306536576202,0.6987339840628232,"[11.685683616447621, -5.10812917281377, -0.4963008872411409, -5.108129172813769, 2.233008860425885, 0.2169273384545701, -0.4963008872411409, 0.2169273384545701, 0.021089223852297192]"
OPEN ENERGY,4e:c2:ff:8e:2b:c7,-6.6344981945261425,-16.237271373930856,0.6385498734030284,"[7.282488186689049, -4.863135173197205, -0.3354685628342389, -4.863135173197206, 4.515768644810116, 0.2411511315422634, -0.335468562834239, 0.2411511315422634, 0.016181166530964082]"
OPEN ENERGY,4e:eb:ff:8e:2b:e0,-7.899610649708991,-13.997588697686638,0.7131324027695963,"[9.268908602476728, 6.532874176759981, -0.27601453775290774, 6.5328741767599805, 12.067806732886458, -0.08165596078125434, -0.27601453775290774, -0.0816559607812543, 0.010331023481385182]"
OPEN ENERGY,4e:ec:ff:8e:2b:e1,-6.834165527484829,-13.226591688311885,0.6857071965884783,"[11.340442908172294, 6.096790551128993, -0.30880318962866354, 6.096790551128993, 17.37271774775028, 0.024272583493211045, -0.30880318962866354, 0.02427258349321102, 0.01173148632342758]"
SUSTENIE,4e:3a:ff:83:95:3d,0.6498238081269461,-6.882446188004475,0.48829146805519286,"[21.003677662314526, 25.099012313835072, -0.45653944265310076, 25.099012313835072, 49.033953292229, -0.33390872392129733, -0.45653944265310087, -0.33390872392129733, 0.016109228862071816]"
SUSTENIE,4e:3b:ff:83:95:3e,-2.981673652699643,-10.382083520828203,0.581738669964714,"[22.090779858857015, 22.093599856480942, -0.5923352838128066, 22.093599856480942, 40.014637238268314, -0.3813845330289397, -0.5923352838128065, -0.3813845330289397, 0.019107889018490313]"
SUSTENIE,4e:46:ff:83:95:49,-4.9458762226110675,-16.38238055206834,0.5778312448588138,"[4.469836103467307, -3.576299913409938, -0.19458088363354673, -3.576299913409938, 11.977965241904807, 0.29165176310359264, -0.19458088363354675, 0.29165176310359264, 0.011026074503887444]"
SUSTENIE,4e:47:ff:83:95:4a,-4.478514756445511,-17.36377671867808,0.5540976710222919,"[3.620537573469851, -0.9218187165261942, -0.13543268603957123, -0.9218187165261942, 4.209818021785418, 0.08993474569402841, -0.1354326860395712, 0.08993474569402841, 0.006475971296582871]"
SUSTENIE,4e:65:ff:83:94:68,-3.0050074565659606,-4.866200075521991,0.6648268586863821,"[5.317443978071341, 4.470165823501324, -0.15026983683116402, 4.470165823501324, 6.612452751120801, -0.08557229798969132, -0.15026983683116407, -0.08557229798969132, 0.005404018897942342]"
SUSTENIE,4e:66:ff:83:94:69,-2.950477403669466,-3.771803710364675,0.6825021876212892,"[4.711336798242196, -1.709990544963631, -0.18689549195078675, -1.709990544963631, 1.2829028533455191, 0.07964609144159805, -0.18689549195078678, 0.07964609144159805, 0.007738423085730837]"
SUSTENIE,4e:67:ff:8e:2b:6a,1.3079900158916684,-4.533712785355912,0.4793086949469067,"[5.033339404895487, -0.11105204270513111, -0.20409628157718038, -0.1110520427051313, 2.972297881150262, -0.02015639785299565, -0.20409628157718038, -0.020156397852995642, 0.014365531137086282]"
SUSTENIE,4e:68:ff:8e:2b:6b,1.020117269822683,-4.73221143940545,0.47522827429451897,"[9.590101191744512, 2.327960598857234, -0.3638641105532666, 2.3279605988572345, 3.734545998110791, -0.14355076714152729, -0.36386411055326656, -0.14355076714152729, 0.022402066001031833]"
SUSTENIE,4e:c1:ff:8e:2b:c4,-4.535309055992342,-17.47019562090518,0.5420959066531168,"[4.265360641843677, -3.1410600176306893, -0.20407454689362167, -3.1410600176306893, 7.746291616257505, 0.22868869284991658, -0.20407454689362164, 0.22868869284991658, 0.011566538880218377]"
SUSTENIE,4e:c2:ff:8e:2b:c5,-6.332600831899916,-16.454430124967722,0.6284376369677123,"[7.988321962060368, -5.241696008823747, -0.364030010164976, -5.241696008823746, 4.555208667418832, 0.2532783776660741, -0.36403001016497594, 0.25327837766607403, 0.017226015149054818]"
SUSTENIE,4e:eb:ff:8e:2b:ee,-8.034183019697814,-13.843354416430726,0.7210811788248375,"[8.9309473898857, 6.195289396331194, -0.2563031636997078, 6.195289396331194, 13.43530728364998, -0.04690671329891969, -0.2563031636997079, -0.046906713298919704, 0.009643387216031791]"
SUSTENIE,4e:ec:ff:8e:2b:ef,-7.341344192586069,-12.678539060429483,0.7051826009056891,"[11.811762811222483, 9.68108260717744, -0.2921333104079705, 9.681082607177439, 14.873715826800883, -0.1498038089739437, -0.2921333104079706, -0.14980380897394374, 0.008879952360383225]"
TECHBOARDGROUP,4c:9e:ff:83:94:65,-3.274396616064293,-4.9944364566133475,0.68021665275944,"[4.319554774859565, 3.0931643350140363, -0.13263228179850606, 3.0931643350140368, 5.29079384962202, -0.051792432713290364, -0.13263228179850609, -0.051792432713290364, 0.005189880443697008]"
TECHBOARDGROUP,4c:9e:ff:83:94:66,-3.080575547779899,-3.7320949470833473,0.6878940126629248,"[4.2911543140156825, -1.5946926684440286, -0.16908314237433164, -1.5946926684440283, 1.2839457687026226, 0.0752855625865446, -0.16908314237433164, 0.07528556258654459, 0.006999854018447517]"
TECHBOARDGROUP,4c:9e:ff:83:95:3a,0.7238109889761523,-6.122517849545828,0.49194753357994864,"[12.590625226519833, 12.258105588909896, -0.3091654757300114, 12.258105588909896, 28.634315563176905, -0.09100975184105803, -0.30916547573001124, -0.09100975184105803, 0.011988077462640453]"
TECHBOARDGROUP,4c:9e:ff:83:95:3b,-3.5808949705746835,-10.467408108272448,0.5982740726371691,"[20.49946346689293, 20.74148041968703, -0.531269822696037, 20.741480419687033, 41.75242455962252, -0.27746560324028674, -0.531269822696037, -0.2774656032402867, 0.017674731696028925]"
TECHBOARDGROUP,4c:9e:ff:83:95:46,-4.757391501321288,-16.803029051991015,0.5668683995138901,"[5.059637019420443, -0.9762545765100915, -0.1881998803994525, -0.9762545765100917, 9.536405770499949, 0.17129704769255905, -0.18819988039945248, 0.17129704769255902, 0.009543692500543955]"
TECHBOARDGROUP,4c:9e:ff:83:95:47,-4.470681145683045,-17.407457575539045,0.5518881436093463,"[3.6222400093111333, -1.0170678397086161, -0.1384739922054578, -1.0170678397086161, 4.066732626272781, 0.0933191480436629, -0.1384739922054578, 0.09331914804366288, 0.0067390995033157625]"
TECHBOARDGROUP,4c:9e:ff:8e:2b:67,1.4418123175396023,-4.6446872952308755,0.4846312561815781,"[3.7447287165098126, -0.37830364479048295, -0.15195533421293325, -0.37830364479048295, 1.6617444165374464, 0.009740091049068837, -0.15195533421293322, 0.009740091049068835, 0.0090193722862528]"
TECHBOARDGROUP,4c:9e:ff:8e:2b:68,1.4041205151172114,-4.625586495375014,0.4608314947389939,"[6.768070277219145, 0.8033948629343453, -0.2524684277703207, 0.8033948629343454, 2.801706257656254, -0.07798020194212735, -0.25246842777032064, -0.07798020194212732, 0.017501555925847602]"
TECHBOARDGROUP,4c:9e:ff:8e:2b:c1,-5.615092706469534,-15.362121304491852,0.6022877553781211,"[9.397864235969413, 3.2565183440464986, -0.2950540024254813, 3.2565183440464986, 17.960592335268572, 0.13587342675537953, -0.2950540024254813, 0.13587342675537953, 0.0128148377058566]"
TECHBOARDGROUP,4c:9e:ff:8e:2b:c2,-6.4257897473587775,-16.55514012598883,0.6277019038507204,"[7.556969540269742, -4.735454345900517, -0.33536844736660876, -4.735454345900517, 3.3265037388487055, 0.21402312642038934, -0.3353684473666087, 0.21402312642038934, 0.01538592928743662]"
TECHBOARDGROUP,4c:9e:ff:8e:2b:eb,-8.05642535054233,-13.346081824798853,0.7156952805681884,"[6.923467978998666, 6.5203280680652185, -0.14422003643805006, 6.5203280680652185, 17.16761329970325, 0.020725042488298543, -0.14422003643805006, 0.020725042488298536, 0.006297672133174156]"
TECHBOARDGROUP,4c:9e:ff:8e:2b:ec,-6.960950516583358,-13.800784144389054,0.683773879211444,"[9.84904555385191, 3.632062482861344, -0.2880627370311406, 3.6320624828613437, 15.377209459598973, 0.08761127414936382, -0.28806273703114055, 0.08761127414936384, 0.011798427263778803]"
VST,4e:3a:ff:83:95:3c,0.013004560322411134,-6.269317603936408,0.5220281659515557,"[17.972720248180114, 13.316904026261815, -0.4837961584190474, 13.316904026261815, 23.354358201598654, -0.1839014508675882, -0.48379615841904744, -0.1839014508675882, 0.016557845181443757]"
VST,4e:3b:ff:83:95:3d,-1.6934356399109174,-9.3156501989901,0.5399656994020596,"[17.048184997069217, 20.233962295583325, -0.4118048260137411, 20.23396229558333, 42.54952997078035, -0.27667242981611356, -0.41180482601374097, -0.27667242981611356, 0.013239649116305758]"
VST,4e:46:ff:83:95:48,-5.141988298875371,-16.250201052729775,0.5864646840304554,"[4.864914481441477, -4.34135725282923, -0.21774507175651497, -4.34135725282923, 12.534457868406168, 0.3373850279357073, -0.21774507175651495, 0.3373850279357073, 0.012653620466292138]"
VST,4e:47:ff:83:95:49,-4.4292396505478555,-17.245427776182527,0.5530502703268196,"[3.8147090973294753, -1.0221859501208947, -0.1425905192793779, -1.022185950120895, 6.385861847323053, 0.1282522474147083, -0.1425905192793779, 0.1282522474147083, 0.007414144727773581]"
VST,4e:65:ff:83:94:67,-3.6313769155617917,-5.140672433907929,0.6872343927404413,"[5.517034500373015, 4.637202959955246, -0.14859145802654983, 4.637202959955246, 6.562481561853648, -0.08798514531013188, -0.1485914580265498, -0.0879851453101319, 0.005050656695449905]"
VST,4e:66:ff:83:94:68,-2.950477403669466,-3.771803710364675,0.6825021876212892,"[4.711336798242196, -1.709990544963631, -0.18689549195078675, -1.709990544963631, 1.2829028533455191, 0.07964609144159805, -0.18689549195078678, 0.07964609144159805, 0.007738423085730837]"
VST,4e:67:ff:8e:2b:69,0.9668144748331154,-4.614548135515354,0.5027135571288299,"[6.824385924790676, 0.27562930587006357, -0.266938342194689, 0.2756293058700635, 3.316627016140679, -0.012860158204254542, -0.2669383421946889, -0.012860158204254537, 0.014785329269551652]"
VST,4e:68:ff:8e:2b:6a,1.362878061189632,-4.719500960153123,0.4659310097561219,"[6.753775898701189, 1.1493674626208819, -0.2477912906788898, 1.1493674626208816, 2.4123877604041652, -0.08208537277791493, -0.24779129067888978, -0.0820853727779149, 0.016013190937493704]"
VST,4e:c1:ff:8e:2b:c3,-7.69455725832709,-16.011425419952214,0.696924580536616,"[10.865441612539911, -5.0964922609930365, -0.4770037478967241, -5.0964922609930365, 2.5483059773433294, 0.2256158637410393, -0.4770037478967242, 0.22561586374103934, 0.02116816584395693]"
VST,4e:c2:ff:8e:2b:c4,-6.00898922215984,-16.258793627466023,0.6226871826763919,"[8.307582094789728, -3.9297488857163456, -0.36643287045992795, -3.9297488857163447, 8.38724234219312, 0.2555156284657425, -0.366432870459928, 0.2555156284657425, 0.017658317340645564]"
VST,4e:eb:ff:8e:2b:ed,-8.040917634724323,-13.746127832847247,0.7181627238754477,"[7.618732240328349, 5.275208281554931, -0.21080083961817195, 5.275208281554931, 12.768546525184096, -0.007277759409657472, -0.21080083961817195, -0.007277759409657471, 0.008667548059515293]"
VST,4e:ec:ff:8e:2b:ee,-7.2438779622449,-12.200697158779274,0.7137592075654808,"[11.801101220987942, 8.82519221339763, -0.2929124685952634, 8.82519221339763, 14.975055942912302, -0.0976264640729848, -0.29291246859526343, -0.09762646407298484, 0.009870882629606288]"
VST-ButterfLife,0:31:92:e5:f5:b2,-6.575848438911161,-16.245582995175923,0.63876023970542,"[6.530904407563456, -2.797899543319565, -0.2742163192400288, -2.7978995433195655, 4.704806715141101, 0.1638817534070231, -0.2742163192400288, 0.1638817534070231, 0.012670963696429904]"
VST-ButterfLife,b6:4e:26:64:50:84,-8.261194532850713,-12.719619585223118,0.7435448213169306,"[3.922055006631949, 4.873054897252452, -0.054126691623886294, 4.873054897252451, 12.44777129100696, 0.05766622366929761, -0.0541266916238863, 0.05766622366929761, 0.004492325282144304]"
VST-ButterfLife-5G,b6:4e:26:64:50:83,-7.453205874689128,-11.261516142025378,0.7342187231544929,"[4.335195399588163, 4.668286119115323, -0.10496579886668093, 4.668286119115323, 15.630581002224634, 0.024404015172905726, -0.10496579886668098, 0.024404015172905726, 0.005183910489699791]"
hipert-wifi,28:87:ba:31:ee:d8,-2.581336646436547,-6.107503741420806,0.6162906902147103,"[12.336889742105468, 6.503764054829114, -0.4367146360952737, 6.503764054829114, 16.54807904343319, -0.11609243425494348, -0.43671463609527356, -0.11609243425494348, 0.02379008169041427]"
hipert-wifi,28:87:ba:31:ee:d9,-2.795050798156372,-4.881577449402856,0.6475706222827436,"[8.195015544432048, 3.6655038400225135, -0.30310846720473844, 3.6655038400225135, 7.3060744453564075, -0.08978502912252531, -0.30310846720473844, -0.08978502912252534, 0.016531837947035208]"
hipert-wifi,34:60:f9:2a:4:ae,-4.169315716289904,-6.125828846253888,0.698936563959012,"[7.462852026369149, 4.836112930139729, -0.25601571967194364, 4.836112930139729, 6.337161911711735, -0.14114476483513835, -0.25601571967194364, -0.1411447648351383, 0.009989170958750347]"
hipert-wifi,34:60:f9:2a:4:af,-3.0331974834052278,-5.44801633090338,0.6527026292821576,"[6.666764832714058, 4.11652548073689, -0.21316640587535876, 4.11652548073689, 5.8185154722311205, -0.08809472023009274, -0.2131664058753588, -0.08809472023009272, 0.00825964235133464]"
hipert-wifi,54:af:97:df:76:ea,0.6449704268548293,-4.620062350690718,0.5173848162736044,"[4.246291024027074, -0.28902389578327264, -0.20031922352874693, -0.2890238957832726, 0.036584726499163424, 0.012174791873020254, -0.20031922352874693, 0.012174791873020254, 0.009890626940081505]"
hipert-wifi,54:af:97:df:76:eb,-0.8163279730680317,-4.910784554115509,0.575499189384756,"[12.3860577363473, 2.724794679131103, -0.43584169652949056, 2.724794679131103, 3.7075717944011055, -0.032784086523383896, -0.43584169652949056, -0.0327840865233839, 0.016861037224127087]"
hipert-wifi-pro,20:97:27:8:52:20,-5.658999003718281,-7.510454815832839,0.7263521007542655,"[7.2844544370422435, 4.2850222848724275, -0.2357066044981623, 4.285022284872427, 17.34536869379994, 0.06310865580125782, -0.2357066044981623, 0.06310865580125782, 0.012709093218971079]"
hipert-wifi-pro-5,20:97:27:8:52:21,-3.913002396225788,-4.905640096587212,0.7045746325419037,"[11.165352679793662, 4.437640757990447, -0.3854709754370325, 4.437640757990447, 5.571280787757586, -0.10749643520461645, -0.3854709754370325, -0.10749643520461644, 0.014464255317199054]"
jock71,de:52:38:ed:d1:fd,-4.455100066457254,-17.1691245276671,0.5560976922085153,"[3.1539523608999724, -1.635204382632474, -0.12432387865354728, -1.635204382632474, 6.9040964617787814, 0.16197089318634736, -0.12432387865354727, 0.16197089318634733, 0.007048411358837519]"
vst-mac,b0:4e:26:64:50:83,-8.200800764653481,-12.83351497504605,0.7384392747294398,"[3.889954807539805, 4.554313371915023, -0.06774699989767917, 4.554313371915023, 12.714535151972122, 0.05970485491315562, -0.06774699989767917, 0.0597048549131556, 0.00515899923784904]"
vst-mac_5G,b0:4e:26:64:50:82,-7.490959296876098,-11.14919584811307,0.7382473949525871,"[3.9238216297283546, 4.261046708576802, -0.09128525123981375, 4.261046708576803, 14.257795686449997, 0.027591249623981157, -0.09128525123981374, 0.027591249623981146, 0.004453281318048862]"
,2a:87:ba:21:ee:d8,-3.1160736511640814,-6.848162610711211,0.6334188544489776,"[14.058344515692422, 10.091747431704514, -0.44780352637423154, 10.091747431704514, 21.595589710575823, -0.16405686248963589, -0.44780352637423154, -0.1640568624896359, 0.020686730868427868]"
,2a:87:ba:51:ee:d8,-1.6122915628974923,-5.084800801448485,0.5917400893788312,"[10.759626469048655, 3.4579478347195196, -0.3998965756068842, 3.4579478347195196, 5.368670502959203, -0.0910534135847478, -0.3998965756068842, -0.0910534135847478, 0.018791454360556913]"
,36:60:f9:2a:4:ae,-4.544049755981941,-6.172449647804068,0.7052560514469302,"[6.50508138017078, 5.4088188790840634, -0.2052223748530234, 5.408818879084063, 9.630624137146315, -0.10053625124084574, -0.20522237485302333, -0.10053625124084577, 0.008639418113565741]"
,36:60:f9:2a:4:af,-3.136318302766396,-5.464212367617996,0.6533614652178577,"[6.406704919298951, 4.439963175202279, -0.20738207511610995, 4.439963175202279, 6.396449377092386, -0.09380159239333366, -0.2073820751161099, -0.09380159239333366, 0.008532638953393271]"
,4e:22:d6:b:f:1c,-6.996191712013123,-14.53353498094154,0.6811277245841851,"[7.552546688200541, -1.467518126686077, -0.25752734524714294, -1.467518126686077, 13.198247188647114, 0.2592038801159347, -0.25752734524714294, 0.2592038801159347, 0.013226302673840874]"
,56:af:97:af:76:ea,-0.383610613712607,-4.175416082096281,0.5696026867824988,"[7.902453108858943, -2.4003526948973515, -0.3706988129559215, -2.4003526948973515, 1.0780673691241085, 0.11176981461053286, -0.3706988129559215, 0.11176981461053286, 0.0176918684607625]"
,56:af:97:df:76:ea,0.6338263570560203,-4.261605266468784,0.5095518803304828,"[7.058270021546882, -1.9874968688543384, -0.3140444975629415, -1.9874968688543384, 0.6753328436625126, 0.09166667853645652, -0.3140444975629415, 0.09166667853645652, 0.01436282460874286]"
